14766924
87826720
618959599
196900018
291607007
976523630
11763012
190112695
2500139810
20450591
43149958
191126831
18061835
418172193
1976023938
37834277
499974330
32830897
23076173
61059549
331452603
499064229
53235652
21922046
239114259
567544904
83991409
119983776
558923721
167059246
14332881
124525314
77745152
53932318
54785747
16406120
2366344086
403452890
245203806
3408117683
41272037
315003898
276529582
65921348
23728327
48479036
774343831131152385
28904352
863624300
625203080
253288035
2537824068
785251808
17825131
1041389521
155295979
908654094
297817712
18147206
826259978
288256400
2242622084
18425768
321142263
54325538
281804924
30446869
10164502
1528409659
351233290
16335558
1059727285
158200128
3249371586
16300979
3322246054
16099443
29858314
28008370
87576653
3159827665
191711790
16860597
61286621
301720775
112265780
3243530996
180506619
2791747157
213932791
3384679336
189628977
3087790380
23933298
23357458
21238828
290008835
337663433
67786749
39638688
